    2.9694642844E-02   -4.8695993044E-04    9.0378431008E-03
    1.3214650880E-01    4.1927057128E-02    4.2164815571E-02
    2.4201697575E-02   -3.1282024322E-02    4.9875466192E-03
    1.9335963700E-02   -1.2719517712E-02    5.1767066242E-03
    4.2711793770E-02   -9.9151568196E-03    4.0469815848E-03
    6.4985416684E-02    1.7612716614E-02    3.6857456237E-03
    1.5815775277E-02   -1.1360175160E-02    3.1102646523E-03
    2.5295749166E-02   -3.0033685193E-02   -1.1324883217E-03
   -5.1254423048E-02    3.4386335490E-02   -1.1846143281E-02
   -7.0160998668E-02    8.2757948982E-02    2.8639761634E-02
   -2.8055479825E-01    1.7030338348E-01    3.0886500585E-02
   -5.2949066166E-02    1.2724589998E-02    2.7137380180E-03
   -6.3600895014E-03   -6.2729343943E-03    6.6520074762E-03
    2.0890705145E-02    1.8009947795E-03   -2.3804778800E-03
   -1.1007188633E-02   -2.7857371628E-03    1.4090888835E-03
   -3.9821721000E-02    2.6086059262E-02    4.3358075536E-03
   -3.4239693237E-02   -4.1887184279E-02    1.8360951096E-03
   -1.0119406373E-02   -2.1449067161E-03    4.6663616073E-03
    3.0050977864E-02    2.5741350141E-02    4.5967692818E-03
    2.6833971308E-02    7.5740482514E-03    1.6280980800E-02
   -3.2961494107E-02   -1.5314859882E-02    1.6343126947E-02
   -4.6927715696E-02    1.1987059274E-02    3.4490977791E-03
    4.1910242749E-03    3.7304231700E-02    1.7463854697E-03
    1.6593833653E-02    3.4889919113E-02    7.1279114273E-03
    3.0959799719E-02   -1.9399526788E-02   -1.2671011916E-04
    8.4444907664E-02   -5.4183198124E-02   -1.2470673566E-02
    7.0488212617E-02   -4.7398815344E-02   -2.2445355156E-03
    3.2519043929E-02    1.7788760144E-02    2.0212208220E-03
    3.2307982970E-02   -1.6215023892E-02    9.1032145513E-03
    7.6638755287E-02   -2.7676534514E-02   -9.7717202418E-03
    1.4858442185E-01   -7.6761192991E-02   -2.9920563599E-03
    6.0414996718E-02   -3.7184741748E-02   -1.6870577988E-04
   -7.2849580746E-02    3.7561544805E-02   -7.7335773895E-02
    1.1702306180E-01    3.4927520382E-01   -9.1609647062E-02
    4.9659456133E-02   -7.0451866702E-01    7.5588290016E-02
   -7.0824625193E-02   -7.2207191694E-02    3.3357866419E-03
   -1.0721197891E-01    6.0528083163E-02   -7.3081331129E-02
   -4.7338517176E-02    7.5808774008E-02   -3.9914964931E-02
   -3.3084231436E-02   -3.7229266929E-02   -4.2604807397E-03
    3.1843634552E-03    7.8475162845E-03    3.6678057347E-02
   -1.5705846032E-01    3.1525474881E-02    1.4597854177E-02
   -3.4250998825E-02    1.7154369298E-01   -1.4880975380E-02
