    8.7555241001E-03    2.5044351087E-03    1.5315104440E-02
    1.7046094943E-02    2.7781970322E-03    2.5207625460E-02
    1.3409067443E-02   -1.3675600627E-02    1.6152115626E-02
    8.5463822259E-04   -6.2624923318E-03   -5.8256184106E-03
    7.5525906649E-03    1.3866836089E-02   -1.9973494449E-02
    7.1523343436E-03    3.3148118957E-03   -2.0688711873E-02
    6.4745068831E-03    3.4150808155E-03    3.9694577918E-03
    1.0946374796E-02    1.2331644104E-02    4.1592378536E-02
    1.0444344697E-02   -1.5268348206E-04    4.3908846240E-02
    1.0892108565E-03   -1.2642532970E-02    3.8470353169E-02
    3.0947112612E-03    5.1843849452E-03   -1.7118196845E-02
    6.1950322466E-03    7.2463688149E-03   -1.8757703346E-02
    5.9172756170E-03    8.7041840202E-03   -1.2468769743E-02
    3.1790104179E-03    5.6948569186E-03    1.6327351978E-02
    1.4298220863E-03    9.1325308663E-03    3.3360832323E-02
    2.6993763428E-03    4.7786555907E-03    3.5527977012E-02
   -5.8852134229E-03   -6.8586792632E-03    6.5391922883E-03
    9.1642666723E-03    6.3945074341E-03   -2.1586989725E-02
    7.0787566104E-03    8.6853168712E-03   -1.8251154164E-02
    3.8391587081E-03    3.4714020391E-03   -1.1810760167E-02
    2.0693369996E-03    7.6670418593E-03    5.1172468199E-03
   -1.9059079549E-03    5.5903321313E-03    1.6569780423E-02
   -1.5082011932E-03    3.5768309616E-03    1.2289105899E-03
    7.1594815704E-03    5.7484006095E-03   -1.1602374460E-02
    7.4231036936E-04    7.7874013311E-03   -2.2939393435E-02
    3.0076435669E-03    8.0410400231E-03   -2.1025334119E-02
    5.7974148011E-03    1.2869056822E-03   -1.9153006059E-02
    5.5515539452E-03    1.5935584912E-03   -1.6156666326E-02
    6.9629084749E-03    3.4047192670E-03   -1.9392122591E-02
    2.7539197290E-03    9.8797167635E-03   -2.0511587009E-02
    6.3441438584E-03    5.2597753761E-03   -1.6472116055E-02
    5.5735509482E-03    7.9674154408E-03   -1.1881755975E-02
    5.7229428500E-03    1.2208288759E-03   -1.8119212232E-02
    5.9293586848E-03    1.1468637633E-02   -2.9129159991E-02
    7.6583977821E-03    3.9433910414E-03   -2.1296906626E-02
    4.2241564552E-03    9.6513626472E-04   -2.5149339194E-02
    1.1541004824E-02    7.7116027082E-03    3.9766424013E-03
    2.3913973541E-02   -1.6341458923E-02   -5.4498118395E-03
    6.6276092396E-03   -1.1835359229E-02   -1.0751346809E-02
    9.9790195764E-03    4.3163812145E-04   -1.3122790188E-03
    4.3522316540E-03    2.0092742320E-03   -4.0323515988E-03
    4.6840491330E-03    1.4105784685E-02   -9.2224221815E-03
    1.9476955198E-02    1.5324907566E-02    3.8323444301E-02
    2.5558426123E-02    1.4326137478E-02    2.6592487665E-02
    1.5747226752E-02   -2.8083449273E-02    2.9583337361E-02
   -2.4342158840E-02   -1.2780362726E-02    1.3077458443E-02
    7.4427787584E-03   -3.6498112782E-03   -6.1625613106E-03
    1.0119669889E-02    3.3672063310E-03   -5.0299580820E-03
    2.6507328261E-02   -1.2962872771E-02    2.9008347620E-03
   -7.5455823212E-03    2.6007562909E-02    1.1485492093E-02
   -4.6538550991E-03    1.8419201301E-02    1.9808101300E-02
   -6.3234403567E-03   -1.8817550749E-02    2.9756436804E-02
   -3.4211625832E-03   -1.1085352462E-02   -7.0893779943E-03
    2.3460522737E-03   -1.3323256982E-02   -7.5338372010E-03
    2.6366835031E-03    1.9632976826E-03   -1.0419048459E-02
   -1.0691955866E-02    2.3080283532E-02    1.0568123740E-03
   -1.8006306211E-02    3.5523359916E-02    1.5505121959E-02
   -4.3337531123E-03    2.6699272835E-02    8.2609316208E-03
   -8.8842939084E-03    4.6111403877E-03   -6.6837455688E-04
    1.1316727636E-02   -3.0637860424E-03   -2.7298570723E-02
    3.8792332006E-03    1.0120467204E-02   -2.0683055043E-02
    7.7865780674E-04   -8.2434765406E-03   -1.5113990741E-02
   -4.1070375279E-04   -4.5304178494E-03    5.0671959198E-03
   -1.1657750999E-02    1.4335313450E-02   -3.1837085429E-04
   -1.6022555895E-03    1.0138945222E-02   -9.1790599240E-04
    2.1801104558E-03    3.3306775769E-03   -2.0626590075E-02
    3.6349801276E-03   -1.7841809305E-03   -1.9348931209E-02
   -5.0685673854E-03    1.6211935733E-04   -1.4065135271E-02
    4.3317060834E-03    1.6709342084E-03   -2.0644395276E-02
    1.0625055222E-02    3.3194902160E-03   -1.8519115800E-02
    4.5602167510E-03    1.1892815435E-02   -1.2534305061E-02
    3.3155631827E-03    1.1379732826E-02   -1.0439152103E-02
   -9.4275300586E-02   -1.7707615948E-01   -2.2845427832E-01
    3.8023156185E-01    2.5717112232E-01    2.7284363715E-01
   -2.1128445068E-01   -4.8738849162E-01    9.9438491681E-02
   -5.6970042045E-02    3.9444338923E-02   -8.9994204825E-03
   -1.9199772172E-01    7.1010147863E-02    1.3211208611E-01
    7.7853193063E-03   -3.8985119987E-02   -4.6171008104E-02
    4.2427887794E-02   -1.8023108320E-01   -2.3749736443E-02
    4.7552744550E-02   -1.2210252850E-01    1.0632091719E-02
   -2.8473799315E-01    2.1006946482E-01    8.2250988888E-02
    1.1074811252E-01    9.5422903843E-02   -1.2388965319E-01
