    8.5797230009E-04   -4.7866593265E-03    9.4208596325E-03
    8.3254014128E-03   -9.4350597642E-03    1.4214000401E-02
   -9.4171932597E-04   -1.7631977793E-02    1.1071554809E-02
   -9.5169625007E-05   -8.7032288211E-03    6.9232051778E-03
   -8.6579408413E-03   -5.2047374319E-03    4.0941238920E-03
   -2.0376623110E-03   -2.5193772723E-03    1.3162775096E-02
   -1.5288088638E-01    4.0188563801E-02    4.8550811800E-02
   -3.6505137163E-03   -8.5540268063E-03    1.0596001084E-02
   -5.8224638295E-04   -6.6969747510E-03    2.6548265588E-03
   -3.3317605571E-03   -9.4189680123E-03    3.7704983268E-03
   -2.4194321882E-03   -1.0050714058E-02    1.6374041502E-02
    1.0429855636E-03   -8.2170746962E-03    5.9142333711E-03
    1.7748658468E-03   -6.3761266480E-03    3.4955148778E-03
    3.1879991012E-03   -8.7848025342E-03    5.8470485017E-03
   -1.2333883638E-03   -9.0179775292E-03    2.8885398847E-03
   -1.4968641727E-04   -1.0685620401E-02    1.0177224522E-03
   -9.4910200974E-04   -8.3159054423E-03    9.8668993027E-03
   -8.5483576368E-03   -2.3538319157E-03    7.5418587224E-03
    6.8255709925E-04   -9.9049769706E-03    1.2518697012E-02
    3.0247685749E-03   -9.0628613504E-03    1.0954139449E-02
    2.5119629468E-03   -5.4945054090E-03    1.7476329536E-02
    3.7070558199E-02    8.9450890490E-03   -1.3013103494E-02
    1.9848641188E-02   -2.8695481207E-02   -1.6825676988E-03
   -2.5304192014E-03   -1.1375881309E-02    1.4846846771E-02
    1.1264637033E-03   -2.2054093987E-02    6.1208583722E-03
   -4.1376064737E-03   -5.7689897043E-03    1.6422247887E-03
    5.2367163404E-02   -2.3534761923E-02   -7.7978201207E-03
   -1.1386959818E-02   -1.4174998476E-02    1.0210362377E-02
   -3.2618306590E-03   -1.0557820544E-02    5.8942488751E-03
   -3.1732760715E-03   -9.5384586055E-03    7.6600285662E-03
    1.8326695889E-03   -6.9577086170E-03    2.3087128781E-02
   -1.4504435305E-03   -6.7070768935E-04    5.7359609726E-03
    1.1787232360E-02   -3.9119166155E-02   -1.9563903480E-01
    1.6116490123E-01    4.4406793628E-01   -1.1373609549E-01
    1.2232464181E-01   -5.2837492537E-01   -1.3863022113E-01
   -5.6159135440E-02   -1.4979645852E-02    1.1353681606E-01
   -6.3366629620E-03   -3.6722655787E-02    6.9008040613E-02
    2.5900681724E-02    1.7046713584E-02    5.2308701978E-02
   -1.4185359467E-01   -1.3179638228E-01    5.6317363309E-02
   -2.0205510907E-01   -1.1811187885E-01   -2.1317712414E-02
    3.4095945334E-03    3.1977239173E-01   -1.0092758951E-01
    1.5951444365E-01    3.3353876914E-01    8.0665456931E-03
