    1.6015605571E-01   -2.1629332948E-01   -4.4469199363E-02
   -2.7688390333E-03    1.0275139409E-02   -8.8815689505E-03
   -1.1337633766E-02   -1.3185135443E-02   -2.1391429645E-02
    1.2039324197E-02    1.1665375070E-02   -1.3576735620E-02
   -5.9559322624E-03    1.0959373642E-02   -1.2431837536E-02
   -2.1280900494E-02   -3.1810659951E-03    8.5393449045E-03
    2.3736869721E-03    1.0017480845E-02    1.2176389351E-03
    1.1490094756E-02    1.5816118031E-02   -8.7734224903E-03
   -9.7301108171E-02   -1.3587205756E-01   -1.5803216505E-02
    1.2304861090E-03   -6.2797669190E-03    1.4468026522E-02
    6.8799712122E-03   -8.0042877785E-03    2.7538400639E-03
    1.7067193048E-02    8.4102121628E-03   -3.6545205619E-03
    6.6262780751E-03    1.3682656352E-02   -1.2120647026E-02
    1.0872378753E-02   -2.0752304919E-03   -1.6615418624E-02
    3.1345130910E-03   -4.9268382739E-03   -1.3361126448E-02
    8.8002547503E-03   -2.1047380172E-03   -9.1331539772E-03
   -4.5187394095E-03    9.8066314481E-02   -1.4673262737E-02
   -4.1837325712E-02   -6.7764188210E-02   -1.3771982636E-02
   -1.0007866473E-02   -8.9801723182E-02   -1.9107995324E-02
   -1.5821953218E-02    5.3530218693E-02   -7.6866876409E-03
   -6.0566821451E-02    9.9374831255E-02   -9.2918723557E-03
    5.2183664267E-03    1.6007641465E-02   -1.2787961460E-02
   -9.8528853735E-03   -5.6135080768E-02   -8.3461174621E-03
    1.4356026139E-02   -1.9888378634E-02   -1.4458024681E-02
    2.3874602721E-02    3.9874518172E-02   -1.6834321883E-02
   -6.4575428940E-03    1.6604400982E-02   -1.4996926785E-02
   -4.0144885976E-03    1.8378481503E-03   -1.9634935343E-02
    5.0296641096E-02    2.0165731746E-02   -3.9741978691E-03
    3.5685635079E-02    1.2202097257E-02   -1.5760262899E-02
   -6.0690992989E-03   -1.8119365685E-02   -8.9405705760E-03
   -1.3024571749E-02    9.1062487159E-03   -1.2102266123E-02
    1.3979310992E-02    2.2848969306E-04   -1.2774739520E-02
   -3.7183945009E-02   -1.2834724304E-01   -6.2117689892E-02
    1.5690284953E-01    3.3825632605E-01    5.8955613298E-03
    3.1349225804E-02   -4.9736510042E-01    3.0716294061E-01
    6.2282988630E-02   -3.0831657869E-02    2.8822340969E-02
   -8.0825708308E-02   -6.9416547270E-02    1.3689721825E-01
    6.7766048557E-02   -9.0173423028E-03    3.0980328452E-02
   -2.2858225228E-02   -4.6664398907E-02   -7.0641049949E-02
   -1.2071116757E-01   -6.8933068613E-02    1.1641413233E-02
   -7.4928332619E-02    3.6300289036E-01   -6.4137841497E-02
   -5.4458327730E-02    3.4592005935E-01    3.3474382475E-02
