    4.1408376616E-03    2.9245172742E-03   -6.5230804718E-03
    2.0159278995E-02   -8.6228018734E-02    1.5320159656E-02
    4.9538771747E-03    7.0931304886E-02   -4.2491776111E-02
    2.2411268452E-03    6.2480171952E-03   -3.6477279772E-03
    4.3266116542E-03    3.2018915001E-03   -4.1323721963E-03
    3.7727237887E-03    8.3387319272E-04   -7.6853895644E-03
    2.3795294044E-04   -4.2270785344E-05   -6.3380899864E-03
    7.5862873890E-04    3.6380185820E-03   -9.6262406640E-04
    3.5294731905E-03   -8.6405310007E-02   -5.7673766405E-02
    4.5373201265E-03    1.1563466179E-03   -2.1499064978E-03
    5.8334254647E-03    2.0995451673E-03   -3.8489189180E-03
    2.9600511300E-03   -1.7043677992E-04   -3.4641238441E-03
    4.5454679173E-03   -1.2743641048E-03   -4.5393781207E-03
    3.8191695825E-03   -2.0874011345E-03   -4.3663479748E-03
    8.4586373927E-04    3.2562346905E-03    1.5908545694E-03
    3.8426974118E-03    2.1081940165E-03    1.7190241098E-03
    3.4575258180E-03    2.9208814315E-03    1.0640899689E-03
    2.3470202051E-03    9.2576304162E-04   -8.8233513966E-04
    4.6617373292E-03    7.2355438856E-04    1.6979013410E-04
    3.5098114143E-03   -2.8244193571E-03   -2.4322683592E-03
    3.4971177308E-03   -3.5727535579E-03   -1.3948878906E-03
    4.4348691642E-03   -2.1266744243E-03    4.6196746324E-03
    2.6788144398E-03    1.0805990268E-03    5.1345309160E-03
    3.1402036629E-03   -1.3799082035E-03    5.4863698718E-04
    2.7765753305E-03    1.3684769427E-03   -6.7773404228E-03
    4.8084266595E-03    1.4925253878E-03   -2.9617227264E-03
    5.0681698198E-03   -1.3918969838E-03   -1.0600496021E-03
    5.5604345930E-03   -4.1759922696E-04   -1.9889525366E-03
    8.1023851437E-03   -4.2425615442E-05   -2.3258178889E-04
    5.8110815060E-03    7.9025225410E-04   -3.7463465145E-03
    1.9740769014E-03   -1.5629576588E-03   -3.8709895993E-03
   -1.9021947170E-03    6.1355641280E-03   -5.3871082115E-03
    5.0408906085E-03    8.6369504749E-04   -6.6103731322E-03
    5.9801634306E-03    2.1128211063E-03   -2.8983794852E-03
    8.2879926110E-03    3.3352602191E-03   -4.0718365588E-03
    3.7352255578E-03    2.7524869166E-03   -4.0050264656E-03
    3.1768970570E-03    7.0975020479E-03   -1.1163893555E-02
    2.7946237025E-03    1.3544237534E-02   -1.6683917101E-04
    2.6262367232E-03   -3.1940812104E-03   -6.0911966998E-03
    7.4821205591E-03    2.2181588721E-03   -2.0742289897E-03
    2.6963746780E-03    2.4577913910E-03   -8.0638921302E-03
    8.4201379187E-04   -4.7660785853E-03   -6.8942594850E-03
    8.6330959803E-03   -4.0751770181E-03   -1.0748475759E-02
   -2.1972353814E-03    9.6442933584E-03   -2.0416342264E-03
    6.1024126464E-03    1.4176385948E-03   -1.5295909052E-03
    4.3301965553E-03    7.0211423997E-03   -1.9443461451E-03
    2.7848665273E-03    6.6046871232E-03   -6.3329778742E-03
    1.3429417713E-04    1.4903628001E-03   -8.2635510903E-03
    8.8753732248E-03   -3.1537432819E-03   -1.0964192124E-02
    7.5411781435E-03    3.6042734163E-03   -3.7577803779E-05
    8.1010195909E-03   -1.5495504245E-03   -2.8442876343E-03
    8.7672063356E-03   -5.6443522156E-03   -6.3854619592E-03
    5.1281026575E-03    1.0575158739E-03   -1.2600623662E-03
    7.9984545138E-03   -1.3298427189E-03   -1.5767482976E-03
    3.4808638349E-03   -2.0124672191E-05   -3.8332466792E-03
    8.9988440015E-03    1.2544906263E-03   -4.0767040422E-03
    4.0151930792E-03    3.0316655619E-03   -6.5343632200E-03
    3.6368890757E-03   -7.9480574392E-03    5.3045288938E-03
   -2.3726868055E-04   -3.0002333386E-03    6.5701046915E-03
    3.5210971022E-03   -3.4901720864E-03   -1.4229506606E-03
    3.6783987330E-03    2.5153289432E-04   -5.5628045979E-03
    2.7610936148E-03   -2.1052851065E-03   -3.1339054062E-05
    2.7252785707E-03    5.9820035346E-03   -1.3689361560E-03
    3.3492985457E-04    2.3137701182E-03    2.2400768828E-03
   -1.1037962913E-03   -3.9990255115E-05    8.9710621751E-04
    5.0377303242E-03   -8.4424634269E-04   -6.5255313719E-03
    2.5197016526E-03    7.5134124668E-03   -5.4040150565E-03
    3.8356114154E-03    3.8700114548E-03   -4.1055719933E-03
    4.1593207605E-03    9.3350101836E-03   -2.7116248830E-03
    5.8656778475E-03    1.3733591372E-03   -1.9238406655E-03
    6.1692013582E-03   -4.3771043705E-03   -2.2802600525E-03
   -6.7803281099E-04    4.8188923165E-04   -6.4205517417E-03
   -7.2728570058E-03   -1.4737794802E-02   -6.4703259299E-02
    1.1756515840E-01    3.8884972468E-01   -1.9308236147E-02
   -7.1771030932E-01   -2.6636716471E-01    1.9764665751E-01
   -3.8891994584E-02    1.0695599293E-02   -6.5663649882E-03
   -9.1430494275E-03    3.3398217524E-02   -2.8733576044E-02
   -2.0203067116E-02    1.6939635188E-02    5.7803625051E-02
    9.1026812325E-02   -3.7645726578E-02    6.6718688581E-03
   -9.9839272463E-02   -8.0659675419E-02    7.9480280369E-02
    1.8850882589E-01    4.8917818479E-02   -1.2266534110E-01
    1.9795518528E-01   -7.6804736276E-02    1.9192870575E-01
