    2.2607456563E-03    3.3276046967E-03   -1.6260265253E-03
   -2.7084456424E-03    6.4687935562E-03   -3.7003157330E-04
    1.4789242574E-03    6.3158604183E-03    3.5277817404E-03
    2.4297477558E-03    5.7629522235E-03    2.6166304570E-03
    3.5110828233E-03    1.0553264885E-02   -9.3387288200E-04
    3.7101561838E-03    5.2645565295E-03   -8.1052180083E-04
    1.4129860432E-03    5.3550142676E-03    5.6284368944E-04
   -6.6805847572E-02   -7.1718453663E-02   -2.8634218115E-02
    4.0758067463E-02   -1.1429423720E-02    1.4306345557E-02
    1.7208667360E-03    2.0946495886E-03    6.4173919187E-03
    8.2960758037E-04    8.6860647134E-03    1.6290091960E-03
    3.4499684987E-03    7.1576727879E-03   -1.0222546166E-03
    2.4583575159E-02   -8.8024425970E-02   -3.3493898637E-02
    6.0038976961E-04    3.8862688032E-03    4.1758864652E-03
   -1.4691252777E-02    1.9831604355E-02    1.4874121668E-02
   -2.1643909163E-02    7.2148104741E-05    2.4416371713E-02
    3.4733711478E-04    1.2776278277E-03    5.2180231753E-03
    3.6479136382E-03    9.6684770649E-03    1.9617240795E-03
    2.1337203420E-03    9.3180109717E-03    1.2515786419E-04
   -1.2959696326E-03    1.0369073378E-02    5.3169564705E-04
   -1.2017704566E-03    5.8524418510E-03    4.4708345119E-03
    9.0391627436E-04    6.9351090826E-03    6.1113782326E-03
   -3.9487729648E-03    8.3008243943E-03    3.7967018663E-03
   -9.7853453206E-04    5.8816852847E-03    8.5240236997E-04
    3.9164051945E-04    8.7693174410E-03   -3.8612294195E-04
   -1.4581579708E-03    1.1047577775E-02   -5.3129392376E-04
   -2.5078104363E-04    8.2470254788E-03   -2.3630464840E-04
    1.2766269777E-03    8.1148877702E-03    2.7707247050E-04
   -2.4800454653E-04    5.4774105288E-03    1.7186544435E-03
    2.1848845811E-03    7.0213298893E-03    1.9065170178E-03
    5.3610719327E-03   -1.8094579870E-02   -1.1529113029E-02
    9.6760321523E-04    7.4871094965E-03   -4.7112968950E-04
    3.7939132779E-03    7.9032849380E-03   -2.3543641397E-03
    1.5334097960E-03    9.8074345526E-03    1.9191737260E-03
    2.0833693289E-03    9.6119278937E-03    3.7687680455E-03
    1.7932974541E-03    7.1311712553E-03   -2.1307155226E-03
    7.2957814611E-03    6.4112727597E-03    3.4854531553E-03
    4.3814786468E-03    8.0857527882E-03   -3.0568046625E-03
    1.8943674806E-03    4.3913504014E-03    4.1356158339E-03
   -5.3770892893E-04    1.6803338199E-03    6.7982820857E-03
   -6.3392379098E-03    9.8474029345E-03   -7.1600755674E-03
   -4.5640849891E-03    1.0421079088E-02    8.0425684249E-04
    3.5477628833E-03    5.6024023012E-03    9.6684294874E-03
   -4.2534662414E-03    1.0782395067E-02   -1.1706582088E-03
    6.4839624241E-03   -3.4662666453E-04   -2.2783780639E-03
    9.8039177180E-03   -5.2391837575E-04   -9.1395995773E-03
    7.6992979999E-03    4.3859533134E-03    8.7257116845E-03
    2.6244617013E-03    1.2922721160E-02    3.5545126777E-03
    1.8859789894E-03    7.9727892005E-03    4.2224189701E-03
    4.5052398712E-03    1.3070492287E-02    4.9657209045E-03
   -2.8299312175E-02    3.7430611622E-04    5.3789371417E-03
    2.6881780857E-04   -1.6100054983E-03    6.5436169174E-03
    1.3451556073E-04    1.7183349936E-03    1.7668115699E-03
   -4.7395320241E-03    1.0145317642E-02    3.7998713465E-03
    5.1796371455E-03    1.1185118218E-02   -1.5139755107E-03
    3.8281133771E-03    2.0971503355E-03   -1.6880645357E-03
    1.0122596089E-03    1.7620643079E-02    6.7676152503E-03
   -1.0154201761E-02    1.3135129892E-02   -5.2201703036E-03
   -8.0740819752E-05    5.0794580750E-03   -9.9981672903E-04
   -5.2858950746E-03    8.2017368595E-03    6.0923208253E-03
    7.2866221100E-04    5.0262273962E-03    1.0600485586E-02
    2.4854945806E-03    3.7203386167E-03   -1.0037772422E-02
    5.9912997345E-03    1.0780863835E-02    3.8995558442E-03
   -7.4774185716E-03    1.2127910001E-02   -1.8198930607E-03
    1.3543537790E-03    7.4713445433E-03    1.0341001983E-02
    1.7829072021E-03    1.6322335493E-03    1.2646518041E-02
   -6.6072484765E-03    8.4693858030E-03   -5.3772765350E-03
   -3.9310573619E-04   -1.7463480265E-03   -9.4089738461E-03
    1.5001296161E-03    1.2524433121E-02    2.4801325142E-03
    1.8066349977E-03    1.1841261496E-02    8.6160505884E-03
   -2.0346456960E-03   -2.8748174202E-03   -6.2778298654E-03
   -3.3138080546E-03    1.2018543104E-02    2.1031638350E-03
    1.7788508418E-02   -1.8173785639E-01   -2.0513170550E-01
    5.1697014129E-02    2.9825638619E-01    2.3956796117E-01
   -2.0988405409E-01   -5.9404010916E-01    2.5658721259E-01
   -6.7389557191E-03    1.6596918849E-01    7.4323129882E-03
    4.8018544300E-02    2.3344547200E-02    2.4857252593E-02
    3.2363617916E-02   -7.0448762023E-02   -4.8592999775E-02
   -9.0144287704E-02    4.7238494672E-02   -1.1525274457E-01
   -7.8155089985E-02   -4.7353924521E-02   -2.3687455954E-01
    1.1201101181E-01   -1.9660979163E-01    7.6533224502E-02
    1.3299630381E-01    2.6800744420E-01   -8.2027424581E-02
