   -3.0260514462E-03   -6.1344157581E-03   -3.1514600083E-03
   -5.6968383096E-03    2.2089180543E-03   -1.4147595231E-02
   -5.7454821510E-04    3.8871243973E-03   -1.0307971259E-02
   -2.4835689768E-03   -3.8912057101E-03    7.3454406655E-03
   -3.0103301300E-03    2.3963276085E-03    1.6549307401E-02
    7.5795447634E-03   -6.7938243267E-03    5.1026855624E-03
   -6.9500473760E-04    1.8591986462E-03   -2.4968868951E-03
   -2.1677730700E-03   -3.0116044877E-04   -3.7066832996E-03
   -1.5819320457E-03    3.6595091466E-03   -1.2495044346E-02
    6.1851393908E-04    1.7450837970E-04   -1.2849320446E-02
   -6.1318263251E-03    1.8144732308E-03    7.7128047843E-04
   -1.6852585675E-03    9.8164744670E-04   -3.8363909245E-03
   -2.3249911331E-03    3.7534827089E-03    2.4450537050E-02
    6.4984311578E-03   -1.7754221086E-03   -8.6762647564E-03
   -4.6256681343E-03    4.7910131330E-03    9.7573746185E-04
    1.0838645212E-02    1.4595513403E-02   -1.7028951477E-02
   -8.8311477323E-04    5.0417815317E-03   -2.2837472854E-02
   -9.0673095125E-03    6.9764013504E-03    5.8401613673E-03
   -7.0997780634E-03   -2.1564016197E-03    2.2053971321E-02
   -1.3852104140E-02   -1.0887393653E-02   -2.3285150010E-03
   -3.4012553254E-03    2.7641259560E-03    7.0134710956E-03
   -4.7939544295E-03    2.0535365628E-03   -8.7333169562E-05
   -4.9078054420E-03    5.1603885255E-03   -1.8459821504E-02
   -5.4744394008E-03    5.3439663747E-03   -1.5279136217E-02
   -8.8027894277E-03    4.3332639539E-03    1.7560354156E-03
   -4.0215050663E-03   -1.3724383117E-03    1.5606740293E-02
   -2.1315784869E-03    2.0684832534E-03    3.4006159470E-03
   -4.7848901438E-03   -2.5228238402E-04   -7.0985678117E-03
   -5.2974342159E-03    2.1525578798E-03   -1.2089855340E-03
   -1.5958839011E-03    3.3472256522E-03    4.8142921138E-03
   -5.6976973380E-03    5.0704178387E-04    1.0130529022E-02
   -1.1046425777E-03    1.9412662775E-03    4.8957899699E-03
   -4.7842455451E-03    4.9799995310E-03   -1.1506554852E-03
   -1.5279605694E-03    2.8845739463E-03   -1.0652805847E-02
   -8.8194673959E-04   -1.0483550401E-03    1.2184309299E-02
   -4.1610472686E-03   -3.8516613231E-03    2.5616565414E-02
   -2.9285820435E-03   -3.7491122966E-03   -2.3139357250E-02
   -6.3331972305E-04    1.1280264181E-03   -1.4948850638E-03
   -6.0721012458E-03    2.0711185275E-03    2.3196938754E-03
   -6.5066854019E-03   -3.1852782370E-03    1.6932547181E-03
   -1.5821235911E-03    2.7833443381E-03    4.2957264404E-02
    1.6072293935E-03   -9.2458003541E-03    2.6931608597E-02
    3.2727351519E-03   -9.5661216780E-04   -7.0649782706E-03
   -4.2946842232E-03   -5.5695778447E-05    5.3372559721E-03
    2.2835836643E-03    5.5542497223E-03   -1.8715023203E-02
   -3.2883982324E-03   -4.4974758000E-03    2.4346715304E-03
   -3.1538734441E-03    1.3562234917E-03   -1.5974807449E-03
    1.5156527546E-03   -2.5823176721E-03   -1.6406299535E-02
    1.5465792362E-03    3.3586731813E-03    2.0569110409E-02
   -3.1124513244E-03    4.8777240835E-04    3.5367895116E-03
    3.0524068420E-03    6.9449520709E-03    3.6407990773E-03
    2.4400761674E-03    7.1297119810E-03   -1.9551359044E-02
   -7.3115631249E-03    2.1986371266E-03   -5.9970231050E-03
   -7.7485479672E-03    5.4382719118E-03    7.4033785289E-03
   -5.5489913082E-03   -4.9356433539E-03    2.7515525394E-02
    2.6092483278E-03   -9.5014743959E-03    3.2371621770E-03
   -6.2263107894E-03    5.4599305221E-03   -2.1058553826E-03
    3.0866930305E-03    2.8940323701E-04   -2.1105377495E-03
   -8.1348584940E-03    4.5136382901E-03   -3.3555703398E-02
   -1.3229504743E-02    7.8898270370E-03    8.0492664435E-03
   -9.1653590851E-03    3.8676447232E-03    2.1867349042E-02
   -3.4813426351E-03   -2.8245382590E-03    7.8063270956E-03
   -8.0790479040E-03    1.0570330005E-03    9.2547037587E-03
   -7.9391441058E-03    1.2529728917E-03   -5.0030965546E-03
   -1.2079003506E-02    3.6333215239E-03   -5.8044833532E-03
   -7.2313513215E-03    3.8645713592E-03   -8.4171258013E-03
   -3.7220331886E-03    2.8538864478E-03    1.1935425918E-02
   -1.5119052169E-04    3.6998192371E-03    5.5161084662E-03
   -5.3089925896E-04    6.0400733619E-03   -1.0661470550E-02
   -7.1919545225E-03    1.0510851416E-03   -2.5506018777E-02
   -2.5594374114E-03   -1.4089786407E-03    1.4322562016E-02
   -7.5232901030E-03   -4.3064038742E-03    2.6013998015E-02
    1.3571764369E-01    6.0856626543E-02    9.3363394232E-02
   -1.6417171721E-01   -2.8032842101E-01   -7.8461978234E-03
   -7.1124259983E-02    5.5247821789E-01   -1.8197910620E-01
    8.5534773031E-02    6.3000339351E-02    1.1033816041E-01
    1.1861029218E-01    5.9763762603E-02   -1.2511009937E-01
    4.5441063387E-02    3.4255212489E-02    3.8088559925E-02
   -8.9353996598E-02    1.0855205037E-01   -1.2085099724E-01
    3.3397712634E-02    1.4393161799E-01    8.2907474133E-02
    1.5763314570E-01   -3.7873468648E-01   -2.3944850329E-02
   -2.0932773794E-02   -4.5166134490E-01    6.9114497284E-02
